4005	643.7544
4015	710.04938
4025	840.35205
4035	687.55658
4045	727.81879
4055	738.71722
4065	785.08868
4075	896.72315
4085	844.52618
4095	917.5213
4105	864.59143
4115	814.03143
4125	1013.56372
4135	1017.78772
4145	868.27704
4155	934.01025
4165	868.66083
4175	1000.53033
4185	720.82379
4195	726.88287
4205	1018.11456
4215	1093.47864
4225	915.49841
4235	953.56567
4245	766.48206
4255	783.81921
4265	1123.80188
4275	961.56238
4285	684.09711
4295	1014.211
4305	976.40845
4315	1014.77789
4325	1049.00452
4335	997.26349
4345	1030.66504
4355	1111.41016
4365	1381.58704
4375	1127.86511
4385	1115.71997
4395	1106.10706
4405	928.82538
4415	1167.09155
4425	1229.13574
4435	918.42877
4445	1014.81104
4455	1192.63355
4465	1220.88391
4475	1114.38135
4485	1066.97961
4495	1170.427
4505	1192.36047
4515	1454.56311
4525	1015.93378
4535	1311.09912
4545	1004.25952
4555	756.31226
4565	1035.8999
4575	826.7464
4585	1659.21338
4595	1164.01111
4605	1611.92578
4615	1512.88648
4625	1364.81738
4635	1570.6864
4645	1343.22705
4655	1330.7218
4665	1462.60071
4675	1597.47302
4685	1527.16089
4695	1537.39673
4705	1905.81702
4715	1502.00513
4725	1523.02466
4735	1270.29236
4745	1380.5365
4755	1594.59168
4765	1551.09375
4775	1452.95837
4785	1869.18872
4795	1797.04065
4805	1683.21838
4815	1809.45313
4825	1475.87476
4835	1465.23206
4845	1780.28772
4855	1933.5166
4865	2041.94617
4875	1617.42432
4885	1878.9812
4895	1731.03967
4905	1479.33716
4915	1841.64673
4925	2362.44775
4935	2144.41846
4945	1876.19263
4955	1810.35693
4965	1896.39954
4975	2043.88733
4985	2050.93091
4995	2319.82446
5005	2299.34424
5015	2505.00488
5025	2485.71191
5035	2633.62158
5045	1901.16858
5055	2821.94507
5065	2704.35376
5075	2707.69238
5085	2620.47559
5095	1859.4624
5105	1949.44812
5115	2316.45532
5125	2166.58106
5135	1769.651
5145	1914.0061
5155	2526.13184
5165	2054.66138
5175	2466.59302
5185	2122.51489
5195	2537.95215
5205	2267.91553
5215	2682.11548
5225	2490.49048
5235	2298.69312
5245	2187.85815
5255	2621.63989
5265	2548.46387
5275	2413.32227
5285	2247.22022
5295	2226.85425
5305	2677.02197
5315	2457.47437
5325	1960.48621
5335	2446.25659
5345	2293.1001
5355	2171.77686
5365	2458.18311
5375	2100.88623
5385	2376.38501
5395	2525.67847
5405	2268.05151
5415	2891.01587
5425	2776.90064
5435	2715.64307
5445	2681.20093
5455	2486.70068
5465	2254.25635
5475	2474.44629
5485	2434.81445
5495	2556.82007
5505	1998.3147
5515	2278.29932
5525	1921.68933
5535	2078.37354
5545	2447.12964
5555	2516.34351
5565	2682.64648
5575	2981.09937
5585	2504.73218
5595	2621.33057
5605	3121.07105
5615	2866.34888
5625	3144.51709
5635	3019.71851
5645	2358.96558
5655	2445.89331
5665	2841.52441
5675	2365.44067
5685	3336.16382
5695	3284.80689
5705	3205.7146
5715	2897.18408
5725	2969.19385
5735	2516.98242
5745	3158.53662
5755	2418.16284
5765	2293.5166
5775	1970.0686
5785	2085.07642
5795	2060.36597
5805	2711.53784
5815	2388.56885
5825	3316.58276
5835	3079.1792
5845	2610.54419
5855	2497.23193
5865	2520.93897
5875	2686.63599
5885	3080.30176
5895	2794.08521
5905	3126.51318
5915	2865.82837
5925	3043.23267
5935	3216.94116
5945	2958.22144
5955	2820.74365
5965	3196.35181
5975	3136.78784
5985	2682.56104
5995	2325.16577
6005	3037.54761
6015	2683.90356
6025	3278.81006
6035	3712.43384
6045	3415.78003
6055	3706.17041
6065	3871.21021
6075	3741.03613
6085	3986.41553
6095	3872.47461
6105	3031.9353
6115	2841.70117
6125	3385.27075
6135	3505.25415
6145	3801.09546
6155	3357.28076
6165	3227.82666
6175	3500.21875
6185	3516.62524
6195	3534.44629
6205	3428.35474
6215	3486.63135
6225	3731.35693
6235	3178.50879
6245	4013.33228
6255	3626.58789
6265	3795.47998
6275	3748.49707
6285	3682.07715
6295	4410.15283
6305	3444.74194
6315	4374.48584
6325	3378.17358
6335	3177.38159
6345	3820.927
6355	3598.50049
6365	4138.96973
6375	4302.29736
6385	4794.37402
6395	4586.06397
6405	3942.74365
6415	3910.64063
6425	4468.20068
6435	4384.60742
6445	3998.03784
6455	2804.02026
6465	2492.71021
6475	3548.1582
6485	4183.1294
6495	3773.09399
6505	3872.80981
6515	4497.08838
6525	4654.14453
6535	4609.11084
6545	4698.57764
6555	4255.38281
6565	4517.98926
6575	4439.85889
6585	4099.8042
6595	4135.28272
6605	3622.54077
6615	3683.53345
6625	2851.60352
6635	3931.80151
6645	4161.43604
6655	4496.19922
6665	5206.19971
6675	4524.96191
6685	4837.76367
6695	4266.43506
6705	4984.35498
6715	4120.7417
6725	3984.78003
6735	4678.7002
6745	3867.22998
6755	4472.71973
6765	3963.83691
6775	3219.04761
6785	3927.80713
6795	3663.50464
6805	3755.91162
6815	4499.95703
6825	4046.50855
6835	4122.30615
6845	3675.0896
6855	3671.06348
6865	3372.23193
6875	4088.2854
6885	3811.04883
6895	3543.11084
6905	3769.67969
6915	4211.69531
6925	4029.70752
6935	3985.23608
6945	4474.93018
6955	4648.15088
6965	4321.18213
6975	3973.96411
6985	3999.83789
6995	4165.57959
7005	4263.01221
7015	4166.24512
7025	4294.18115
7035	4181.4585
7045	3942.52393
7055	4065.74634
7065	4689.42529
7075	4409.65039
7085	4428.2583
7095	4053.0083
7105	4325.61182
7115	3888.76416
7125	4285.90088
7135	4087.7583
7145	3903.87061
7155	3553.25757
7165	3524.66797
7175	4188.38623
7185	4846.4419
7195	3993.09888
7205	4218.00586
7215	4234.69092
7225	4705.99854
7235	4740.30859
7245	4820.48096
7255	4983.81787
7265	4336.97949
7275	4646.49854
7285	3629.95581
7295	3649.84619
7305	4293.61816
7315	4307.30957
7325	4572.64453
7335	4884.64648
7345	4323.9209
7355	4145.0249
7365	4068.02588
7375	3848.20703
7385	4127.43213
7395	4222.21387
7405	3937.34131
7415	4003.73804
7425	3135.78882
7435	4180.31348
7445	4371.61768
7455	3150.51563
7465	3598.07202
7475	3935.67188
7485	3982.1394
7495	3917.51099
7505	4358.44385
7515	4005.1333
7525	4298.49268
7535	3846.69214
7545	4400.76514
7555	4428.83838
7565	4717.91455
7575	4643.41943
7585	4750.16357
7595	3917.34815
7605	3285.55591
7615	4001.54321
7625	4445.51758
7635	3785.57275
7645	4068.97705
7655	4387.24219
7665	4104.22656
7675	3893.23999
7685	3938.30151
7695	4113.39258
7705	3615.52466
7715	4613.48877
7725	4000.08447
7735	3418.57275
7745	3876.40283
7755	4597.76807
7765	3845.60864
7775	3960.39356
7785	3838.25317
7795	3911.23828
7805	3975.96436
7815	3901.66211
7825	4316.33789
7835	4358.34082
7845	3322.90772
7855	2995.19312
7865	3228.80981
7875	3375.79736
7885	3788.23413
7895	3687.26856
7905	3899.81836
7915	3796.60156
7925	4015.99976
7935	3526.22461
7945	3866.58325
7955	3979.60327
7965	3841.58081
7975	4234.44629
7985	3663.88306
7995	4260.39941