4005	978.65265
4015	964.15649
4025	1004.63178
4035	1060.43213
4045	910.38641
4055	957.62494
4065	896.25354
4075	937.60791
4085	1131.81348
4095	911.43854
4105	1006.36627
4115	986.3161
4125	1108.63611
4135	936.33014
4145	970.3327
4155	876.12616
4165	1018.26257
4175	845.81152
4185	936.01349
4195	850.38055
4205	1110.14331
4215	812.62592
4225	1066.41834
4235	1034.06885
4245	643.23114
4255	930.28888
4265	897.94153
4275	956.77301
4285	516.22723
4295	1122.29932
4305	904.42041
4315	916.91406
4325	883.00482
4335	814.1546
4345	972.28998
4355	809.83612
4365	867.99188
4375	793.53449
4385	766.27441
4395	677.08673
4405	562.61627
4415	977.18951
4425	889.69
4435	960.60852
4445	846.77856
4455	740.81354
4465	820.24786
4475	842.94757
4485	959.49908
4495	774.88586
4505	831.23608
4515	761.18414
4525	989.21124
4535	823.01416
4545	714.45929
4555	757.97961
4565	561.32312
4575	809.98987
4585	1033.17932
4595	804.00385
4605	866.78919
4615	914.07825
4625	928.10437
4635	862.12396
4645	617.07843
4655	797.2771
4665	945.28986
4675	765.10138
4685	945.05591
4695	927.00824
4705	860.04938
4715	880.5047
4725	832.41205
4735	806.92358
4745	691.01593
4755	758.31513
4765	814.28009
4775	555.87244
4785	904.13428
4795	865.04028
4805	818.08014
4815	694.73383
4825	866.64459
4835	596.76343
4845	848.24524
4855	894.06897
4865	810.77948
4875	763.12445
4885	707.76288
4895	816.61426
4905	791.77771
4915	719.77905
4925	1008.31586
4935	1152.67249
4945	821.75153
4955	725.53717
4965	788.77661
4975	686.232
4985	932.18115
4995	931.01227
5005	1213.67944
5015	983.11652
5025	1095.99536
5035	903.63672
5045	779.98547
5055	1112.55444
5065	1042.68262
5075	1148.54736
5085	1059.57336
5095	1062.24341
5105	697.96179
5115	889.73206
5125	711.61182
5135	725.14478
5145	907.50501
5155	823.14539
5165	724.99097
5175	660.15021
5185	947.79547
5195	957.78528
5205	839.31104
5215	1030.91467
5225	1006.31506
5235	926.08368
5245	819.93903
5255	949.43726
5265	935.7453
5275	892.04663
5285	513.49579
5295	770.34625
5305	847.08246
5315	926.00159
5325	800.7572
5335	822.25562
5345	826.19641
5355	783.14423
5365	678.22778
5375	737.06305
5385	669.5108
5395	975.91846
5405	840.87323
5415	807.74854
5425	866.8161
5435	682.28101
5445	851.57678
5455	826.06329
5465	798.45465
5475	845.48138
5485	841.18524
5495	557.49054
5505	776.21729
5515	685.58228
5525	708.96137
5535	708.32825
5545	667.45343
5555	727.11469
5565	708.7182
5575	789.04041
5585	815.50128
5595	694.08423
5605	808.05518
5615	789.4939
5625	944.26715
5635	929.37897
5645	596.70288
5655	585.34235
5665	852.35608
5675	609.04462
5685	938.33881
5695	1038.73682
5705	820.03027
5715	915.03284
5725	871.36414
5735	793.00006
5745	678.0777
5755	728.10193
5765	568.22308
5775	511.7543
5785	497.2833
5795	666.29645
5805	540.73834
5815	517.32629
5825	778.51654
5835	660.10449
5845	657.64838
5855	627.6983
5865	579.43658
5875	559.67242
5885	709.82385
5895	636.10095
5905	571.42523
5915	676.14844
5925	645.26392
5935	718.02661
5945	663.41968
5955	748.55969
5965	809.02521
5975	614.95563
5985	591.08185
5995	604.29419
6005	570.65173
6015	544.22717
6025	782.51172
6035	831.59412
6045	859.83618
6055	921.37769
6065	1120.91919
6075	815.87024
6085	976.91718
6095	783.41431
6105	811.66803
6115	734.8786
6125	768.70734
6135	776.12891
6145	767.4668
6155	797.36792
6165	548.15149
6175	696.20636
6185	628.04523
6195	836.33179
6205	776.16693
6215	637.59271
6225	794.12506
6235	646.87177
6245	897.28156
6255	794.53052
6265	781.83807
6275	549.33551
6285	655.46375
6295	857.18646
6305	586.54346
6315	775.258
6325	658.5802
6335	605.57031
6345	568.8476
6355	756.67767
6365	748.58484
6375	851.85071
6385	883.84753
6395	840.81323
6405	627.33679
6415	559.33887
6425	702.20313
6435	644.07513
6445	645.26111
6455	472.56485
6465	535.45581
6475	752.67957
6485	698.72296
6495	502.04245
6505	606.75055
6515	713.16016
6525	769.19605
6535	736.73596
6545	694.76965
6555	570.64056
6565	750.95154
6575	632.789
6585	793.9148
6595	780.63745
6605	531.87903
6615	417.1445
6625	378.99576
6635	556.76642
6645	543.90765
6655	674.90985
6665	721.70752
6675	691.38397
6685	717.08734
6695	490.63019
6705	630.9682
6715	688.70483
6725	448.9606
6735	471.60928
6745	543.9118
6755	634.3645
6765	399.77899
6775	403.66165
6785	581.38507
6795	439.85992
6805	437.70294
6815	581.88806
6825	535.20612
6835	435.97238
6845	478.80286
6855	318.78949
6865	511.11731
6875	374.48926
6885	444.10806
6895	484.14655
6905	316.24075
6915	351.36801
6925	367.4577
6935	355.87235
6945	451.75674
6955	647.01978
6965	429.21585
6975	573.72711
6985	441.72534
6995	656.05396
7005	501.47147
7015	377.3522
7025	517.74731
7035	427.44647
7045	329.11298
7055	397.08691
7065	545.66357
7075	437.61078
7085	392.64941
7095	501.25867
7105	336.00821
7115	301.71753
7125	302.90909
7135	651.73053
7145	444.02737
7155	236.57089
7165	557.45453
7175	411.6297
7185	481.4902
7195	416.41092
7205	344.32376
7215	550.51856
7225	548.45136
7235	311.40143
7245	567.18884
7255	546.4035
7265	358.12723
7275	376.78662
7285	264.3114
7295	291.57703
7305	584.36737
7315	465.30493
7325	355.62369
7335	633.47559
7345	499.4996
7355	251.7776
7365	308.8577
7375	328.26285
7385	454.46414
7395	415.38944
7405	480.82407
7415	378.86231
7425	247.82697
7435	297.84277
7445	293.11227
7455	249.38316
7465	313.09714
7475	193.17337
7485	364.62369
7495	332.24738
7505	291.43716
7515	358.15393
7525	284.35172
7535	231.18576
7545	197.61917
7555	355.48135
7565	253.26111
7575	273.95279
7585	344.67157
7595	389.49066
7605	250.51436
7615	263.32175
7625	170.39977
7635	356.82797
7645	245.4577
7655	321.02292
7665	316.80649
7675	195.86911
7685	276.17743
7695	273.57684
7705	255.62813
7715	209.08095
7725	275.61856
7735	264.53928
7745	353.96356
7755	122.26436
7765	188.64423
7775	204.62708
7785	245.04994
7795	276.09775
7805	225.56578
7815	313.17728
7825	281.89609
7835	117.70754
7845	302.24252
7855	151.89203
7865	183.32944
7875	133.36632
7885	76.45662
7895	374.75031
7905	153.02219
7915	178.2744
7925	212.1303
7935	218.18207
7945	191.80104
7955	270.76077
7965	210.73816
7975	118.83463
7985	255.59311
7995	173.07309