4005	72.31907
4015	129.23824
4025	135.26444
4035	74.6479
4045	0
4055	45.21714
4065	113.17742
4075	109.57748
4085	89.77379
4095	96.89082
4105	170.31334
4115	28.54909
4125	0
4135	79.52654
4145	97.3438
4155	111.75594
4165	164.99814
4175	92.80141
4185	71.93539
4195	70.89467
4205	155.51123
4215	70.43163
4225	120.79862
4235	158.19228
4245	95.16042
4255	123.21648
4265	144.00301
4275	112.01493
4285	148.51654
4295	174.89458
4305	101.64556
4315	0
4325	62.84497
4335	94.54976
4345	73.99296
4355	0
4365	102.62966
4375	176.42493
4385	66.9883
4395	158.39235
4405	39.02955
4415	73.66797
4425	0
4435	85.30763
4445	130.32163
4455	70.04557
4465	80.3471
4475	72.73801
4485	0
4495	79.58127
4505	66.72724
4515	108.34922
4525	0
4535	133.00353
4545	45.96074
4555	52.35285
4565	67.40451
4575	104.83624
4585	95.60765
4595	114.46384
4605	111.74196
4615	0
4625	71.21852
4635	112.99215
4645	123.18119
4655	121.37538
4665	74.8458
4675	101.09451
4685	139.88767
4695	66.61088
4705	72.38462
4715	86.61279
4725	107.74284
4735	48.97409
4745	72.09304
4755	115.27168
4765	49.51183
4775	67.1845
4785	120.06168
4795	130.06744
4805	34.82039
4815	95.35491
4825	0
4835	65.29556
4845	55.99192
4855	108.34451
4865	114.89128
4875	115.95196
4885	95.75428
4895	101.91313
4905	0
4915	151.28693
4925	154.18117
4935	124.36522
4945	0
4955	92.32494
4965	114.4142
4975	82.53671
4985	125.15836
4995	76.3467
5005	132.74521
5015	58.01666
5025	86.91979
5035	169.40186
5045	80.30963
5055	57.91695
5065	89.8306
5075	129.57929
5085	156.30057
5095	116.80292
5105	77.6195
5115	111.05874
5125	112.76798
5135	91.37032
5145	0
5155	40.09551
5165	134.33983
5175	77.82439
5185	84.73104
5195	75.50849
5205	86.7813
5215	45.52211
5225	172.59293
5235	204.88951
5245	83.79047
5255	90.9231
5265	105.25004
5275	0
5285	0
5295	64.14964
5305	111.8343
5315	77.03813
5325	0
5335	60.05318
5345	121.97684
5355	174.63785
5365	129.58098
5375	193.71593
5385	104.27198
5395	120.28536
5405	68.99835
5415	64.40929
5425	0
5435	46.02781
5445	112.97435
5455	92.17857
5465	85.26317
5475	0
5485	49.99735
5495	48.43841
5505	84.61118
5515	0
5525	55.54598
5535	83.94489
5545	79.76112
5555	90.00162
5565	158.45818
5575	136.71928
5585	0
5595	113.37814
5605	122.1824
5615	111.58927
5625	90.62322
5635	132.94511
5645	137.09064
5655	127.13591
5665	54.69989
5675	86.80998
5685	47.66186
5695	109.34976
5705	125.32958
5715	131.27832
5725	129.04634
5735	72.24047
5745	55.14301
5755	112.20783
5765	83.65311
5775	70.08685
5785	49.91883
5795	68.48615
5805	49.30951
5815	65.70795
5825	106.31837
5835	114.94543
5845	113.57314
5855	0
5865	0
5875	136.43651
5885	121.90268
5895	47.2468
5905	0
5915	61.63163
5925	90.26722
5935	34.84547
5945	63.03957
5955	102.2808
5965	63.98021
5975	141.50029
5985	49.72905
5995	0
6005	99.16415
6015	96.52291
6025	82.63177
6035	77.21018
6045	161.35793
6055	168.12448
6065	137.04868
6075	124.32993
6085	64.35806
6095	41.67305
6105	90.75156
6115	109.93548
6125	114.513
6135	122.00983
6145	84.90044
6155	167.20451
6165	0
6175	164.02844
6185	127.31235
6195	68.86813
6205	92.79726
6215	86.50459
6225	131.25969
6235	93.68407
6245	0
6255	89.28178
6265	45.43164
6275	121.73871
6285	53.12951
6295	74.77003
6305	143.28314
6315	104.62281
6325	77.52427
6335	63.49311
6345	71.58992
6355	42.56735
6365	82.83025
6375	155.8907
6385	72.80541
6395	54.351
6405	0
6415	0
6425	123.51864
6435	124.25599
6445	72.81625
6455	98.09042
6465	60.12588
6475	59.25465
6485	84.79533
6495	70.55795
6505	0
6515	57.21945
6525	87.72736
6535	102.96054
6545	83.70734
6555	127.84272
6565	176.44714
6575	74.18589
6585	157.84088
6595	0
6605	69.58323
6615	68.2757
6625	89.81526
6635	156.12344
6645	0
6655	148.89865
6665	57.65196
6675	0
6685	157.49222
6695	134.79457
6705	81.76633
6715	104.60759
6725	158.81903
6735	48.80306
6745	30.73472
6755	43.32184
6765	106.02648
6775	125.53342
6785	116.6569
6795	61.16988
6805	142.40387
6815	49.84509
6825	133.58144
6835	0
6845	72.5985
6855	64.49008
6865	99.94595
6875	93.82808
6885	0
6895	66.66853
6905	0
6915	63.19091
6925	60.47902
6935	68.52467
6945	44.36983
6955	110.16235
6965	155.80595
6975	95.48699
6985	115.52713
6995	125.03692
7005	94.48238
7015	82.4841
7025	65.15822
7035	0
7045	0
7055	77.59984
7065	60.55207
7075	167.70737
7085	63.46194
7095	62.79727
7105	134.93788
7115	0
7125	0
7135	63.76868
7145	50.05777
7155	0
7165	44.14895
7175	56.30777
7185	88.97831
7195	48.35871
7205	62.50797
7215	0
7225	88.55928
7235	60.04918
7245	0
7255	0
7265	0
7275	0
7285	65.86536
7295	95.26296
7305	115.47794
7315	157.54794
7325	0
7335	110.19598
7345	137.56615
7355	121.93738
7365	0
7375	76.0913
7385	0
7395	165.38391
7405	0
7415	92.02334
7425	55.23122
7435	0
7445	86.05912
7455	106.35708
7465	48.76284
7475	0
7485	48.37872
7495	0
7505	97.61278
7515	105.93707
7525	93.88194
7535	0
7545	0
7555	96.68899
7565	68.00241
7575	0
7585	41.87383
7595	46.41784
7605	69.6237
7615	40.8664
7625	0
7635	59.57514
7645	0
7655	113.82564
7665	0
7675	75.84712
7685	92.55648
7695	51.55895
7705	58.14019
7715	0
7725	78.65032
7735	53.3644
7745	0
7755	52.32232
7765	61.68246
7775	0
7785	0
7795	54.88591
7805	0
7815	94.73321
7825	115.45308
7835	0
7845	57.32062
7855	0
7865	85.18772
7875	0
7885	129.17918
7895	0
7905	0
7915	0
7925	0
7935	56.86509
7945	88.76959
7955	62.91531
7965	64.44244
7975	46.41725
7985	90.54747
7995	0