4005	331.86383
4015	317.81744
4025	352.39661
4035	299.83725
4045	364.85724
4055	346.77539
4065	311.60739
4075	366.27072
4085	390.32092
4095	311.13702
4105	256.51358
4115	320.0011
4125	346.47546
4135	185.7607
4145	324.57575
4155	355.3418
4165	347.95801
4175	304.41641
4185	330.74707
4195	318.19974
4205	421.57159
4215	254.06848
4225	332.8858
4235	172.00569
4245	255.9928
4255	271.10147
4265	391.31073
4275	384.51361
4285	237.17436
4295	340.51849
4305	264.49823
4315	152.43582
4325	299.87604
4335	306.99985
4345	237.44318
4355	317.08826
4365	337.07462
4375	302.33743
4385	316.77335
4395	360.96445
4405	231.16281
4415	306.62814
4425	444.57065
4435	328.55209
4445	394.71335
4455	235.9099
4465	210.56532
4475	394.71179
4485	101.10722
4495	223.99876
4505	281.15427
4515	388.33749
4525	447.15268
4535	288.87509
4545	221.15254
4555	206.62283
4565	281.76822
4575	162.6931
4585	360.91232
4595	339.94852
4605	345.66086
4615	357.31424
4625	324.26843
4635	368.5567
4645	296.79746
4655	345.19876
4665	352.16653
4675	283.09595
4685	351.29489
4695	239.32196
4705	405.47192
4715	233.58852
4725	320.59036
4735	275.72119
4745	324.02506
4755	404.06717
4765	328.94083
4775	260.07315
4785	456.65332
4795	434.42465
4805	288.43173
4815	281.30667
4825	246.05855
4835	323.61334
4845	296.00861
4855	344.72553
4865	406.79199
4875	196.20602
4885	393.53964
4895	307.51215
4905	403.59772
4915	316.01221
4925	484.52817
4935	407.33505
4945	313.39645
4955	347.48972
4965	242.17595
4975	315.04486
4985	362.91348
4995	460.93402
5005	421.93198
5015	461.0636
5025	474.68674
5035	362.3074
5045	271.66162
5055	387.97189
5065	429.05121
5075	433.29694
5085	380.33783
5095	289.68485
5105	272.5806
5115	415.12683
5125	325.03153
5135	299.79651
5145	226.86324
5155	275.62323
5165	249.76903
5175	301.45541
5185	372.55164
5195	388.94904
5205	311.15857
5215	357.71304
5225	446.02081
5235	329.04562
5245	345.2894
5255	310.74182
5265	411.61905
5275	258.35239
5285	311.27478
5295	324.32681
5305	414.3024
5315	391.01755
5325	228.83888
5335	321.35815
5345	347.05289
5355	279.57623
5365	314.53305
5375	200.43376
5385	287.45743
5395	377.43994
5405	369.67059
5415	191.26207
5425	217.90299
5435	299.1358
5445	245.37538
5455	354.91235
5465	261.01355
5475	382.26202
5485	326.17062
5495	185.73111
5505	176.39914
5515	437.86096
5525	188.48354
5535	348.84442
5545	210.47228
5555	270.50073
5565	331.07785
5575	426.61975
5585	281.31503
5595	347.51914
5605	327.38794
5615	350.33362
5625	307.09827
5635	386.40103
5645	342.95654
5655	350.19092
5665	338.14154
5675	364.81274
5685	351.20563
5695	423.82678
5705	346.76749
5715	408.61774
5725	403.45825
5735	241.51541
5745	265.6312
5755	366.94962
5765	408.13214
5775	207.02202
5785	242.61325
5795	282.42218
5805	234.80238
5815	342.25223
5825	358.6825
5835	481.20688
5845	351.60843
5855	280.81738
5865	0
5875	218.21561
5885	286.20071
5895	429.92264
5905	346.07343
5915	268.39621
5925	367.44531
5935	379.82208
5945	385.68756
5955	286.32687
5965	318.64078
5975	301.5932
5985	303.7944
5995	227.80086
6005	241.41135
6015	229.19208
6025	290.11585
6035	394.61658
6045	253.22824
6055	370.96597
6065	421.56329
6075	401.80774
6085	517.8905
6095	428.37152
6105	259.22672
6115	332.54034
6125	358.04541
6135	314.23181
6145	375.20929
6155	339.24313
6165	263.15216
6175	303.61008
6185	387.06397
6195	400.68408
6205	247.25185
6215	347.87592
6225	403.84638
6235	236.58875
6245	421.2659
6255	320.28067
6265	352.66544
6275	256.99335
6285	323.45804
6295	344.3736
6305	319.83554
6315	294.94092
6325	310.12445
6335	323.01419
6345	324.32114
6355	403.71918
6365	351.38632
6375	335.95166
6385	428.95514
6395	381.00586
6405	316.01776
6415	408.40244
6425	382.40805
6435	326.52863
6445	347.5303
6455	148.46436
6465	190.89365
6475	250.00847
6485	265.66614
6495	196.26335
6505	217.21474
6515	299.18796
6525	423.82987
6535	188.71567
6545	365.57477
6555	184.38414
6565	182.48576
6575	325.22208
6585	332.83585
6595	311.26492
6605	195.83545
6615	281.83444
6625	113.45413
6635	167.62869
6645	191.15761
6655	231.86636
6665	265.50717
6675	327.33283
6685	288.28033
6695	310.95456
6705	316.13889
6715	309.40158
6725	365.69565
6735	390.87512
6745	371.86704
6755	225.57965
6765	243.49991
6775	161.0613
6785	229.64429
6795	356.20462
6805	177.14061
6815	274.26267
6825	212.05481
6835	301.42563
6845	181.21771
6855	204.72719
6865	158.64018
6875	187.81192
6885	136.93149
6895	272.30884
6905	104.39053
6915	110.46403
6925	193.50182
6935	202.99936
6945	172.23468
6955	197.85327
6965	224.49953
6975	224.76341
6985	161.16354
6995	140.95026
7005	250.63681
7015	72.9339
7025	174.27545
7035	131.36391
7045	206.03519
7055	243.01593
7065	225.79729
7075	203.50415
7085	199.29288
7095	272.26688
7105	80.52452
7115	145.22595
7125	59.15139
7135	136.91258
7145	274.7692
7155	169.60318
7165	181.01317
7175	139.04787
7185	266.6673
7195	232.74599
7205	226.87531
7215	170.23508
7225	340.9931
7235	222.17571
7245	228.42473
7255	61.92011
7265	113.20373
7275	155.35535
7285	129.90984
7295	169.90566
7305	115.83464
7315	89.00897
7325	126.70989
7335	106.50443
7345	189.35796
7355	89.48061
7365	106.23029
7375	139.88719
7385	133.53806
7395	80.81744
7405	113.76921
7415	119.75758
7425	165.00163
7435	62.51597
7445	145.94739
7455	46.32026
7465	116.19659
7475	111.14426
7485	93.24834
7495	70.57169
7505	0
7515	192.90901
7525	0
7535	49.35742
7545	205.39539
7555	222.02075
7565	62.53685
7575	130.00357
7585	121.46681
7595	102.97493
7605	103.23293
7615	75.01508
7625	140.62521
7635	0
7645	0
7655	129.24101
7665	180.17107
7675	103.63342
7685	82.1847
7695	87.0827
7705	0
7715	143.01407
7725	0
7735	86.78957
7745	0
7755	177.8972
7765	84.91954
7775	92.55336
7785	119.29438
7795	67.61509
7805	192.4151
7815	127.54327
7825	0
7835	58.79516
7845	80.5518
7855	88.28658
7865	0
7875	100.89816
7885	150.85681
7895	0
7905	41.52293
7915	0
7925	100.45555
7935	47.29107
7945	54.23551
7955	177.3938
7965	67.28482
7975	72.36974
7985	0
7995	54.51377