4005	322.50165
4015	379.60211
4025	330.19562
4035	455.59662
4045	368.59564
4055	355.40973
4065	384.32373
4075	381.94177
4085	345.26138
4095	324.92007
4105	350.00269
4115	490.95294
4125	430.87244
4135	572.35675
4145	592.98248
4155	369.10474
4165	419.84375
4175	556.02033
4185	426.19257
4195	583.49036
4205	531.60169
4215	379.6756
4225	472.11359
4235	485.12726
4245	530.09119
4255	402.89545
4265	582.24329
4275	499.09445
4285	535.88196
4295	567.27527
4305	700.98706
4315	529.94409
4325	635.3523
4335	525.82263
4345	607.85944
4355	380.85785
4365	573.86707
4375	511.35111
4385	619.73901
4395	630.98511
4405	566.99774
4415	362.73245
4425	457.89575
4435	664.04791
4445	538.2644
4455	751.91632
4465	715.00812
4475	511.13742
4485	673.26898
4495	546.50372
4505	777.96924
4515	661.36639
4525	653.13348
4535	634.63586
4545	649.98138
4555	744.0545
4565	752.61609
4575	609.50617
4585	600.11304
4595	589.11951
4605	717.43945
4615	746.92883
4625	634.26978
4635	1034.48193
4645	751.21765
4655	820.98804
4665	643.07373
4675	755.97412
4685	691.034
4695	716.00037
4705	902.22736
4715	768.23212
4725	597.97101
4735	813.63898
4745	734.67798
4755	892.04681
4765	1049.91065
4775	866.60901
4785	1596.72742
4795	1125.46631
4805	870.17346
4815	1456.76148
4825	970.48999
4835	1095.1499
4845	804.01294
4855	1006.33295
4865	1115.40686
4875	913.76721
4885	1074.67651
4895	1002.43823
4905	1102.60278
4915	1335.89697
4925	1178.71851
4935	1121.66284
4945	1064.6969
4955	1067.56592
4965	1136.08215
4975	1116.3136
4985	1131.9032
4995	1040.33508
5005	1003.30701
5015	1202.03381
5025	1202.66028
5035	1254.25647
5045	1268.70386
5055	1187.05176
5065	959.99701
5075	1313.25977
5085	981.07916
5095	1160.10986
5105	1795.61365
5115	1311.7854
5125	1316.23096
5135	1331.50049
5145	1441.36719
5155	1176.41858
5165	1209.44458
5175	1275.47339
5185	1534.3197
5195	1398.81885
5205	1208.34265
5215	1133.88513
5225	1456.89478
5235	1321.24524
5245	1266.72766
5255	1264.05505
5265	1290.20984
5275	1485.12952
5285	1426.81226
5295	1413.97815
5305	1268.19446
5315	1622.06043
5325	1363.11377
5335	1458.8208
5345	1396.75916
5355	1302.60693
5365	1593.03613
5375	1308.6637
5385	1509.34827
5395	1446.77502
5405	1815.73157
5415	1302.68274
5425	1459.90527
5435	1440.48657
5445	1613.23499
5455	1376.25061
5465	1407.23023
5475	1382.35535
5485	1353.72376
5495	1671.47339
5505	1558.44434
5515	1545.50903
5525	1786.40283
5535	1650.047
5545	1396.84778
5555	1552.04773
5565	1520.57654
5575	1642.71777
5585	1611.79761
5595	1697.16492
5605	1564.72595
5615	1650.5603
5625	1764.95728
5635	1642.45667
5645	1521.70776
5655	1920.21619
5665	1464.59253
5675	1495.89111
5685	1659.02478
5695	1553.67798
5705	1432.41736
5715	1578.34851
5725	1703.00488
5735	1925.03296
5745	1870.06616
5755	1656.36646
5765	1721.76636
5775	1468.06287
5785	1738.09058
5795	1852.5398
5805	1744.70984
5815	2299.58496
5825	1664.43835
5835	2349.146
5845	1925.78113
5855	1592.72644
5865	2433.31274
5875	1889.47315
5885	1842.91492
5895	2346.71924
5905	2531.1001
5915	2024.04858
5925	1968.77368
5935	1837.52319
5945	1826.63867
5955	1793.59924
5965	1801.25269
5975	2131.95142
5985	1924.94739
5995	1811.09705
6005	2275.62158
6015	2485.77588
6025	2106.27319
6035	2079.99951
6045	1831.45154
6055	1965.98975
6065	1997.82019
6075	2113.48511
6085	2407.98169
6095	2629.44214
6105	2045.68848
6115	2122.26221
6125	2134.07593
6135	2161.43091
6145	2329.21484
6155	1895.67835
6165	2476.45459
6175	2042.80371
6185	2356.21606
6195	2360.27246
6205	2096.97876
6215	3469.79053
6225	2101.58814
6235	2140.06299
6245	2501.71655
6255	2957.43823
6265	2202.55225
6275	2374.17041
6285	2944.8042
6295	3104.90845
6305	2554.04663
6315	2415.25757
6325	3530.61328
6335	2257.52271
6345	2708.72998
6355	3001.6272
6365	2884.88281
6375	2523.44287
6385	2692.81323
6395	2634.48877
6405	2767.98731
6415	3306.69873
6425	2620.65479
6435	2827.41284
6445	2719.33496
6455	3023.20483
6465	2642.02319
6475	2845.86328
6485	2728.28931
6495	2452.80566
6505	2785.64624
6515	3235.146
6525	2943.46387
6535	3295.17725
6545	2979.375
6555	3683.25635
6565	3295.32275
6575	3039.80151
6585	3247.06934
6595	3046.79614
6605	2901.81421
6615	2594.30054
6625	3651.15991
6635	3235.40137
6645	3601.35913
6655	2901.59009
6665	3234.63062
6675	3572.45972
6685	3808.39478
6695	3425.61304
6705	3942.40064
6715	3514.58521
6725	3577.05835
6735	3361.39478
6745	3546.59375
6755	3277.04468
6765	3507.41895
6775	4076.08325
6785	3418.9668
6795	3694.39404
6805	4490.71191
6815	3904.21191
6825	4671.71582
6835	3353.73608
6845	3412.64185
6855	3625.34131
6865	3620.27686
6875	3987.37036
6885	3784.11572
6895	3837.89722
6905	4232.57715
6915	3944.67651
6925	4009.80029
6935	3964.45435
6945	5215.50342
6955	5478.67334
6965	3335.34497
6975	4221.48193
6985	4342.23926
6995	4305.71533
7005	4136.18994
7015	4529.87451
7025	3846.55762
7035	3950.05249
7045	3619.24463
7055	4576.05371
7065	4431.70654
7075	5232.87207
7085	4483.20215
7095	4271.6919
7105	3747.82568
7115	4403.43262
7125	5003.91162
7135	4663.24951
7145	6698.09082
7155	4159.74658
7165	6335.06348
7175	4243.36768
7185	4439.79981
7195	5056.33106
7205	5376.8877
7215	4956.68262
7225	4821.31543
7235	5078.80957
7245	5301.68408
7255	5009.03857
7265	5249.26123
7275	5829.51074
7285	5110.98877
7295	4940.53565
7305	5709.35791
7315	6284.23731
7325	4242.95752
7335	6923.80078
7345	4445.29053
7355	5850.06982
7365	4865.82129
7375	5012.04395
7385	6858.35889
7395	5147.13672
7405	5387.07764
7415	4519.07031
7425	5183.06397
7435	5042.30811
7445	4804.40039
7455	5249.8418
7465	5282.18799
7475	5416.28955
7485	5435.93701
7495	5747.49463
7505	5143.46143
7515	4890.39697
7525	6320.06494
7535	6404.08545
7545	4697.50391
7555	4798.95898
7565	4908.08301
7575	5470.79785
7585	4787.77441
7595	5767.74561
7605	5282.99121
7615	5176.27197
7625	5371.63867
7635	5366.08838
7645	4445.9917
7655	5255.01367
7665	4926.95703
7675	5267.78418
7685	5395.46094
7695	5135.63232
7705	5986.13184
7715	4550.6001
7725	5585.8374
7735	4655.67188
7745	4815.56055
7755	5837.5669
7765	4642.10205
7775	5542.35254
7785	4974.54834
7795	6466.16943
7805	5255.1543
7815	5488.95215
7825	4633.78076
7835	6304.28174
7845	5701.979
7855	5372.39258
7865	4677.81543
7875	5416.47754
7885	5878.66211
7895	4998.31348
7905	5596.42969
7915	4923.8457
7925	5490.8125
7935	4951.40088
7945	4494.93066
7955	5349.33838
7965	5649.83301
7975	5473.42383
7985	5575.78272
7995	5588.01221
8005	254.9911
8015	197.78536