4005	42.7737
4015	101.33802
4025	78.89755
4035	0
4045	86.60469
4055	93.06622
4065	0
4075	89.42094
4085	0
4095	0
4105	59.93105
4115	91.69428
4125	70.27914
4135	0
4145	85.43591
4155	55.74156
4165	57.69579
4175	0
4185	60.44759
4195	47.51321
4205	108.43855
4215	59.46281
4225	76.85806
4235	0
4245	0
4255	111.6078
4265	101.44083
4275	91.1057
4285	82.05406
4295	58.08694
4305	151.92067
4315	89.28174
4325	38.56667
4335	160.03075
4345	112.55489
4355	80.3224
4365	70.22979
4375	0
4385	0
4395	102.34354
4405	0
4415	66.84065
4425	0
4435	52.95762
4445	51.76929
4455	91.13132
4465	89.33736
4475	114.123
4485	0
4495	123.50312
4505	58.38751
4515	118.81859
4525	103.03294
4535	230.11473
4545	111.93614
4555	0
4565	77.83219
4575	126.94753
4585	167.06776
4595	58.27569
4605	58.47208
4615	112.30218
4625	114.39414
4635	101.34848
4645	196.68207
4655	0
4665	116.98717
4675	66.98684
4685	118.0281
4695	75.48377
4705	171.69061
4715	178.98425
4725	153.66554
4735	91.00265
4745	74.03114
4755	164.16869
4765	142.50287
4775	151.97406
4785	132.51791
4795	39.31647
4805	87.09084
4815	115.69362
4825	150.92014
4835	69.89289
4845	50.61408
4855	242.26723
4865	100.25937
4875	247.32504
4885	80.64288
4895	129.37174
4905	194.96283
4915	141.98651
4925	97.13545
4935	155.38797
4945	252.50229
4955	170.08066
4965	242.62473
4975	124.26923
4985	105.35932
4995	186.32494
5005	188.33543
5015	202.23033
5025	86.25649
5035	264.06677
5045	232.71555
5055	131.20429
5065	179.32593
5075	110.09702
5085	239.702
5095	135.10526
5105	177.39755
5115	212.23059
5125	205.37552
5135	108.98404
5145	89.19797
5155	182.47183
5165	277.13937
5175	218.1881
5185	118.82499
5195	163.68687
5205	184.54613
5215	221.13434
5225	161.63599
5235	162.66963
5245	252.73563
5255	294.08112
5265	0
5275	304.5108
5285	187.29314
5295	207.36913
5305	109.22331
5315	174.79755
5325	167.71275
5335	171.6306
5345	208.5016
5355	324.16388
5365	273.10449
5375	286.90698
5385	262.3765
5395	320.82837
5405	311.51303
5415	147.83431
5425	275.96405
5435	65.62462
5445	290.68192
5455	219.8167
5465	260.43323
5475	197.33904
5485	84.93514
5495	200.89053
5505	115.0155
5515	133.64555
5525	111.12408
5535	235.08403
5545	232.20909
5555	284.78607
5565	295.96744
5575	251.71785
5585	210.07353
5595	260.83719
5605	225.66405
5615	276.30978
5625	90.20226
5635	134.06928
5645	195.24512
5655	197.67481
5665	167.06677
5675	244.49474
5685	197.51367
5695	169.42868
5705	163.77832
5715	209.26978
5725	317.99408
5735	269.75522
5745	0
5755	165.01791
5765	255.23334
5775	189.92201
5785	114.70646
5795	284.62894
5805	179.43977
5815	335.3577
5825	304.26022
5835	279.36939
5845	239.3979
5855	327.36896
5865	269.28153
5875	243.94031
5885	245.64945
5895	311.01355
5905	179.87047
5915	193.89746
5925	252.765
5935	280.67493
5945	283.34155
5955	269.34265
5965	326.53763
5975	175.43257
5985	162.26645
5995	212.91893
6005	332.89658
6015	205.88442
6025	321.80212
6035	205.59332
6045	216.12685
6055	346.37894
6065	305.68643
6075	224.49538
6085	202.89514
6095	195.42798
6105	230.60239
6115	197.48679
6125	262.51828
6135	303.24329
6145	262.4827
6155	251.632
6165	232.57158
6175	299.74652
6185	260.56711
6195	273.90564
6205	282.99439
6215	302.84879
6225	320.12253
6235	290.62912
6245	327.58872
6255	220.60843
6265	311.57752
6275	253.93364
6285	267.19119
6295	159.71069
6305	442.74841
6315	321.14276
6325	380.29483
6335	198.93102
6345	166.78951
6355	386.93155
6365	190.05782
6375	351.84628
6385	172.5705
6395	328.55225
6405	377.79749
6415	369.74347
6425	388.93671
6435	372.9939
6445	315.9762
6455	427.69309
6465	451.78336
6475	363.43607
6485	263.65796
6495	352.51239
6505	309.74503
6515	328.0585
6525	357.1554
6535	433.37143
6545	367.4736
6555	414.24182
6565	363.74255
6575	299.06271
6585	389.00717
6595	289.15881
6605	358.49188
6615	333.31891
6625	438.81964
6635	334.00311
6645	377.7432
6655	394.93976
6665	567.94531
6675	265.09879
6685	252.92731
6695	420.02976
6705	580.67438
6715	384.97919
6725	212.09793
6735	312.59055
6745	602.47614
6755	400.41776
6765	366.45557
6775	462.33234
6785	327.83118
6795	311.63449
6805	255.92041
6815	435.63812
6825	234.18539
6835	395.6532
6845	458.03461
6855	348.86636
6865	123.6552
6875	485.12915
6885	243.70361
6895	337.78452
6905	257.2067
6915	230.44382
6925	429.99674
6935	419.71579
6945	374.37643
6955	523.67651
6965	456.3075
6975	383.12372
6985	433.04385
6995	377.48605
7005	115.81923
7015	300.29022
7025	342.54126
7035	248.48979
7045	203.629
7055	255.88374
7065	270.9628
7075	202.1082
7085	292.76157
7095	504.69721
7105	166.8109
7115	314.92871
7125	657.11212
7135	280.11755
7145	517.6203
7155	440.79559
7165	216.8169
7175	309.31448
7185	327.78983
7195	479.68112
7205	617.73877
7215	364.33218
7225	273.09329
7235	474.34058
7245	610.61554
7255	622.58118
7265	398.41956
7275	315.63742
7285	0
7295	316.23624
7305	0
7315	301.66275
7325	294.15555
7335	496.70032
7345	280.69684
7355	442.54303
7365	343.42645
7375	400.41202
7385	353.95792
7395	0
7405	221.56763
7415	283.26636
7425	295.98935
7435	522.68951
7445	545.74432
7455	255.79967
7465	229.68796
7475	0
7485	277.97983
7495	267.88428
7505	477.91278
7515	294.06934
7525	281.46686
7535	248.9756
7545	0
7555	179.26721
7565	607.75537
7575	567.46307
7585	370.61496
7595	234.57985
7605	310.63825
7615	577.94775
7625	533.67816
7635	408.65338
7645	469.17362
7655	279.07987
7665	249.41873
7675	137.64627
7685	270.13702
7695	185.63892
7705	177.98953
7715	346.12482
7725	358.345
7735	143.02376
7745	185.48933
7755	199.34314
7765	304.29916
7775	267.19199
7785	281.45123
7795	150.16818
7805	0
7815	249.29375
7825	196.63106
7835	218.23871
7845	412.87653
7855	232.44403
7865	153.49829
7875	277.55512
7885	0
7895	412.02853
7905	471.06827
7915	350.90317
7925	0
7935	319.19132
7945	243.82231
7955	316.44537
7965	402.92438
7975	416.1012
7985	373.02182
7995	429.41281