4005	290.89795
4015	266.44238
4025	54.57935
4035	156.36105
4045	220.81493
4055	203.83933
4065	47.31244
4075	129.09685
4085	127.68204
4095	208.38741
4105	200.0201
4115	226.98401
4125	200.3201
4135	131.83077
4145	133.26224
4155	116.87169
4165	184.89293
4175	224.84029
4185	170.70726
4195	121.3681
4205	79.06229
4215	67.61229
4225	131.22946
4235	202.15416
4245	117.22344
4255	195.71494
4265	176.28365
4275	149.95338
4285	163.1711
4295	132.7609
4305	212.45335
4315	196.63326
4325	74.3504
4335	265.2728
4345	116.8675
4355	110.76595
4365	142.92586
4375	200.37518
4385	123.0742
4395	93.5319
4405	35.92281
4415	84.25241
4425	135.30139
4435	0
4445	75.21307
4455	128.68579
4465	90.80032
4475	142.13231
4485	172.37035
4495	171.07462
4505	75.68337
4515	71.91653
4525	159.90355
4535	83.57597
4545	83.00452
4555	157.65544
4565	185.30197
4575	119.37701
4585	132.20036
4595	88.61522
4605	69.62076
4615	198.90608
4625	104.60478
4635	70.92669
4645	99.39751
4655	129.3176
4665	105.76366
4675	64.22275
4685	126.22986
4695	101.50069
4705	82.62317
4715	182.50028
4725	203.03032
4735	174.14699
4745	151.62039
4755	187.34424
4765	100.87016
4775	108.26137
4785	246.88789
4795	185.34668
4805	61.27652
4815	106.9817
4825	117.98605
4835	111.22234
4845	102.4432
4855	197.77148
4865	67.90419
4875	175.13144
4885	154.4702
4895	192.95424
4905	197.26817
4915	194.33081
4925	156.83321
4935	126.72154
4945	83.80332
4955	85.59188
4965	288.99081
4975	180.48178
4985	126.20861
4995	158.12991
5005	113.91101
5015	114.53361
5025	187.37196
5035	119.54126
5045	148.86966
5055	240.06999
5065	170.39655
5075	109.63084
5085	147.15974
5095	155.37209
5105	230.67371
5115	112.67749
5125	85.9914
5135	119.43091
5145	0
5155	106.08084
5165	178.69405
5175	203.26173
5185	89.66904
5195	83.8336
5205	194.80101
5215	125.68983
5225	115.31112
5235	114.33373
5245	197.80995
5255	130.3559
5265	113.88567
5275	297.31189
5285	162.29178
5295	122.57529
5305	168.31868
5315	101.20523
5325	136.7556
5335	138.30197
5345	94.395
5355	236.47578
5365	100.03278
5375	190.69417
5385	155.27797
5395	240.18362
5405	167.27835
5415	166.12895
5425	107.77576
5435	202.6178
5445	181.82039
5455	94.50236
5465	201.32184
5475	73.46927
5485	85.44427
5495	79.22961
5505	67.16665
5515	113.02551
5525	182.52887
5535	109.49242
5545	99.18452
5555	113.10876
5565	128.16411
5575	136.88733
5585	173.97763
5595	134.83786
5605	129.21271
5615	169.48866
5625	130.44576
5635	174.95807
5645	83.42593
5655	41.34848
5665	85.94547
5675	132.89822
5685	226.35957
5695	175.56895
5705	84.59177
5715	74.79047
5725	156.27213
5735	93.53352
5745	0
5755	144.63895
5765	232.41716
5775	90.29488
5785	0
5795	184.74754
5805	112.89775
5815	161.14415
5825	83.26772
5835	177.43869
5845	136.2213
5855	199.76721
5865	168.07002
5875	143.22569
5885	129.95201
5895	244.60312
5905	152.56494
5915	174.12914
5925	203.60877
5935	92.59006
5945	104.81773
5955	120.67049
5965	206.96697
5975	158.71864
5985	98.42517
5995	122.72228
6005	91.27161
6015	47.16398
6025	71.38648
6035	220.97142
6045	153.69643
6055	104.99818
6065	95.76986
6075	181.12921
6085	125.12217
6095	118.61073
6105	164.39906
6115	126.37138
6125	123.24159
6135	85.85611
6145	100.54376
6155	113.8352
6165	134.92177
6175	230.82225
6185	152.97839
6195	110.54277
6205	145.1649
6215	108.74536
6225	155.52844
6235	64.69789
6245	201.03861
6255	179.76988
6265	112.39349
6275	228.89346
6285	129.24739
6295	78.18267
6305	91.1525
6315	113.9231
6325	205.46423
6335	169.02721
6345	124.88264
6355	0
6365	139.5511
6375	0
6385	127.6964
6395	0
6405	144.5481
6415	199.66576
6425	69.85896
6435	167.27193
6445	142.76134
6455	134.87466
6465	57.46148
6475	92.42014
6485	202.19702
6495	148.11511
6505	197.07129
6515	0
6525	86.15387
6535	126.14322
6545	149.71715
6555	162.32909
6565	93.85957
6575	0
6585	190.40199
6595	76.08869
6605	68.23252
6615	95.55323
6625	85.0373
6635	127.54308
6645	141.76303
6655	209.0712
6665	0
6675	0
6685	0
6695	105.74141
6705	92.1419
6715	95.81216
6725	0
6735	115.48051
6745	123.55235
6755	0
6765	0
6775	133.56656
6785	167.97559
6795	0
6805	135.3346
6815	115.26914
6825	103.58679
6835	0
6845	0
6855	156.3177
6865	0
6875	96.4018
6885	151.63243
6895	167.00572
6905	0
6915	117.15834
6925	188.68199
6935	191.39815
6945	0
6955	0
6965	0
6975	0
6985	0
6995	0
7005	0
7015	0
7025	0
7035	0
7045	0
7055	453.70013
7065	0
7075	0
7085	0
7095	0
7105	250.47635
7115	110.40929
7125	188.06491
7135	0
7145	239.07765
7155	140.21393
7165	0
7175	146.30023
7185	0
7195	110.27002
7205	0
7215	171.40785
7225	0
7235	0
7245	0
7255	0
7265	0
7275	152.47418
7285	152.66295
7295	0
7305	0
7315	0
7325	0
7335	165.51245
7345	0
7355	0
7365	141.3463
7375	0
7385	151.642
7395	132.66948
7405	0
7415	0
7425	0
7435	180.67314
7445	0
7455	0
7465	0
7475	0
7485	105.3762
7495	0
7505	158.73538
7515	0
7525	258.43631
7535	0
7545	187.51003
7555	0
7565	156.6051
7575	0
7585	0
7595	133.14174
7605	176.33844
7615	0
7625	0
7635	136.8911
7645	0
7655	0
7665	0
7675	0
7685	209.76843
7695	196.67127
7705	0
7715	0
7725	0
7735	222.75714
7745	0
7755	0
7765	0
7775	173.93663
7785	0
7795	0
7805	0
7815	130.88371
7825	0
7835	0
7845	171.9901
7855	0
7865	0
7875	0
7885	0
7895	0
7905	145.41426
7915	0
7925	0
7935	0
7945	0
7955	0
7965	0
7975	91.03119
7985	113.56604
7995	118.0938