4005	114.12367
4015	79.33814
4025	0
4035	123.06096
4045	116.28015
4055	61.14478
4065	105.10037
4075	103.5028
4085	185.46217
4095	63.80273
4105	102.42102
4115	123.07248
4125	79.48476
4135	71.61137
4145	0
4155	60.91847
4165	102.07359
4175	125.43988
4185	90.49923
4195	122.77105
4205	60.31027
4215	87.73826
4225	204.29582
4235	113.11615
4245	109.47637
4255	114.34298
4265	148.99419
4275	87.87328
4285	43.02282
4295	183.29947
4305	153.19658
4315	166.05124
4325	216.44983
4335	228.6058
4345	110.49758
4355	97.74579
4365	94.04026
4375	102.27846
4385	0
4395	169.53153
4405	72.00798
4415	92.92635
4425	141.80194
4435	51.9264
4445	132.36841
4455	81.78748
4465	79.45186
4475	130.74271
4485	194.46973
4495	157.02199
4505	71.91104
4515	49.32116
4525	72.569
4535	191.64873
4545	181.16673
4555	92.63715
4565	65.78333
4575	99.67613
4585	105.96151
4595	214.88501
4605	173.13004
4615	82.684
4625	105.38058
4635	0
4645	147.75874
4655	119.53003
4665	167.99036
4675	111.42401
4685	184.59699
4695	178.01239
4705	169.49988
4715	118.76465
4725	86.64908
4735	145.48421
4745	150.01932
4755	123.38506
4765	95.79845
4775	128.98409
4785	153.23871
4795	182.34334
4805	213.09007
4815	133.32268
4825	138.12671
4835	162.71724
4845	198.31169
4855	186.53407
4865	67.73951
4875	106.96358
4885	164.16434
4895	185.30252
4905	112.54227
4915	160.65212
4925	278.59778
4935	211.10181
4945	271.92474
4955	178.0816
4965	253.69693
4975	237.32651
4985	225.96426
4995	179.28218
5005	271.70102
5015	182.12775
5025	145.31807
5035	166.13953
5045	180.64995
5055	304.3743
5065	290.20715
5075	187.81809
5085	265.44586
5095	402.28049
5105	188.2368
5115	272.34744
5125	299.87888
5135	182.32121
5145	132.38536
5155	231.62042
5165	271.44244
5175	184.46507
5185	179.99608
5195	193.45815
5205	215.4856
5215	244.82442
5225	227.80969
5235	240.47646
5245	325.18897
5255	330.89523
5265	245.83858
5275	261.29422
5285	240.57666
5295	291.00028
5305	195.67647
5315	216.99616
5325	102.65844
5335	250.41744
5345	203.52779
5355	406.02502
5365	311.71048
5375	298.00195
5385	245.33594
5395	386.41757
5405	310.40155
5415	372.97104
5425	302.49472
5435	270.22211
5445	346.28824
5455	345.92966
5465	248.30521
5475	132.09906
5485	268.39621
5495	288.14856
5505	156.65445
5515	209.67088
5525	290.71643
5535	154.27365
5545	362.45422
5555	337.37326
5565	339.50537
5575	323.36704
5585	321.33322
5595	310.6738
5605	299.14679
5615	321.65155
5625	319.76456
5635	263.70596
5645	226.84201
5655	215.33525
5665	297.12024
5675	352.12677
5685	247.71748
5695	346.78958
5705	292.28574
5715	301.52802
5725	241.48488
5735	353.72492
5745	293.3558
5755	277.77823
5765	386.64838
5775	206.61951
5785	229.83362
5795	308.49667
5805	173.91206
5815	311.35403
5825	352.75073
5835	322.69821
5845	451.98669
5855	245.05421
5865	223.8262
5875	296.69162
5885	408.37347
5895	394.97025
5905	301.72104
5915	354.78656
5925	323.50354
5935	368.31644
5945	353.37595
5955	418.62991
5965	316.27652
5975	333.56705
5985	439.47363
5995	363.34418
6005	462.28568
6015	270.30924
6025	481.48151
6035	227.40331
6045	465.64453
6055	326.34073
6065	374.17874
6075	333.32062
6085	438.95334
6095	316.03296
6105	304.03302
6115	431.5509
6125	395.466
6135	450.0148
6145	335.46292
6155	365.84213
6165	365.79648
6175	431.90979
6185	329.25549
6195	419.67389
6205	386.6131
6215	390.75705
6225	386.96335
6235	372.36935
6245	348.12882
6255	361.82315
6265	216.04208
6275	483.28931
6285	336.21533
6295	310.82904
6305	468.5387
6315	256.71079
6325	357.79108
6335	306.86572
6345	501.82272
6355	430.41184
6365	349.76944
6375	375.04428
6385	693.0614
6395	383.7829
6405	408.27936
6415	511.86194
6425	500.43948
6435	623.83917
6445	333.8269
6455	461.91638
6465	360.37433
6475	366.07324
6485	455.05283
6495	494.16766
6505	335.90747
6515	254.94064
6525	454.36627
6535	468.50836
6545	430.79929
6555	312.06235
6565	381.89352
6575	412.30472
6585	410.41065
6595	439.11679
6605	430.1463
6615	565.28473
6625	563.05768
6635	507.87509
6645	426.896
6655	456.64127
6665	571.71582
6675	461.23987
6685	357.6792
6695	422.10507
6705	531.26032
6715	575.55518
6725	638.54022
6735	546.07904
6745	588.24268
6755	688.9353
6765	466.38474
6775	468.53424
6785	425.08676
6795	452.30978
6805	440.11343
6815	560.77521
6825	585.6922
6835	511.84821
6845	472.77637
6855	458.53262
6865	464.44363
6875	605.43506
6885	398.91086
6895	270.00205
6905	480.39706
6915	508.095
6925	647.16943
6935	512.0752
6945	615.13361
6955	385.15122
6965	650.3681
6975	430.12119
6985	423.29038
6995	839.2547
7005	576.16425
7015	616.10651
7025	458.35733
7035	419.99445
7045	698.25873
7055	189.84908
7065	671.80072
7075	231.56702
7085	445.59583
7095	433.81216
7105	517.0127
7115	500.10901
7125	465.60333
7135	681.88458
7145	572.63055
7155	323.2114
7165	416.65295
7175	265.45496
7185	312.85831
7195	640.13489
7205	150.11624
7215	786.72107
7225	654.12451
7235	782.03052
7245	0
7255	354.46484
7265	294.91153
7275	328.83701
7285	607.39929
7295	484.93155
7305	361.95389
7315	404.73895
7325	530.91046
7335	358.46402
7345	583.36615
7355	340.35867
7365	483.6225
7375	295.44394
7385	503.68185
7395	592.94501
7405	397.98816
7415	452.86139
7425	369.60934
7435	534.66766
7445	556.74695
7455	298.17365
7465	490.20725
7475	232.92545
7485	294.0687
7495	703.36115
7505	484.24484
7515	424.31778
7525	309.06693
7535	501.46146
7545	347.73798
7555	401.42288
7565	583.4953
7575	235.88542
7585	0
7595	542.13733
7605	303.9393
7615	410.00928
7625	477.57349
7635	527.10968
7645	457.37515
7655	301.81589
7665	250.42812
7675	362.56268
7685	669.12268
7695	320.91858
7705	462.78046
7715	526.29028
7725	658.53272
7735	457.44785
7745	242.07851
7755	632.2558
7765	367.00348
7775	233.88348
7785	312.46585
7795	498.00467
7805	224.90233
7815	411.04239
7825	440.86581
7835	202.20459
7845	583.04627
7855	234.76849
7865	571.56854
7875	385.59079
7885	574.59003
7895	386.44818
7905	298.82028
7915	627.42529
7925	473.34204
7935	403.48172
7945	730.72168
7955	369.75674
7965	275.11762
7975	419.82199
7985	415.8324
7995	459.13965